10100000000000010000000000000001
10100000000000100000000000000010
10100000000000110000000000000011
10100000000001000000000000000100
10100000000001010000000000000101
10100000000001100000000000000110
10000000001000010000100000100000
10000000010000100001000000100000
10000000011000110001100000100000
10000000100001000010000000100000
10000000101001010010100000100000
10000000000000000000000000001101
00000000000000000000000000000000
00000000000000000000000000000001
00000000000000000000000000000010
00000000000000000000000000000011
00000000000000000000000000000100
00000000000000000000000000000101
00000000000000000000000000000110
00000000000000000000000000000111
00000000000000000000000000001000